Prediction
214184.34
401963.44
378372.9
337473.62
541451.0
568766.06
192579.17
915348.2
563221.5
333636.7
516247.97
225114.25
626952.3
346465.06
497704.66
384299.1
279578.8
1683745.1
851951.6
1068046.0
851716.2
367063.3
495716.34
1104179.9
1154018.4
386621.16
477332.1
294841.25
574131.9
551429.8
407330.0
686390.0
354792.97
280082.16
430606.6
533152.94
278401.12
647720.6
519426.88
329841.1
706880.25
387654.3
345310.53
1751327.5
540062.75
416838.3
587488.94
802769.94
829700.9
1573288.1
759092.0
490732.25
654214.3
369181.9
459350.78
642789.2
654415.0
330517.25
961951.94
422670.44
277830.84
510693.97
707058.7
796754.6
376673.0
426419.16
848822.1
321592.1
357858.66
1502358.1
390608.84
816375.8
456336.28
201217.0
1478019.8
986618.5
405977.03
495796.78
378895.62
455674.12
521728.22
279096.7
650488.75
488995.28
470413.84
297685.75
648992.7
618438.6
374424.47
462127.03
724328.6
325556.84
349793.44
307682.34
270493.9
386642.0
862697.2
1530171.1
352762.3
595694.75
575832.75
673985.7
619942.56
246929.16
506442.28
522271.1
185153.72
424774.3
287520.75
382648.56
1437846.2
297192.1
303790.9
239850.78
570623.6
281337.0
566366.6
2584203.5
474186.28
451030.47
414058.94
753970.6
279738.34
449648.38
327909.28
425490.34
265294.03
442393.97
324039.34
515397.78
402827.9
478556.47
496821.9
508073.3
255225.95
548654.8
371264.16
534759.56
674811.6
447650.8
274583.12
403059.03
553928.06
676286.1
338634.75
255338.1
491932.94
198867.62
388570.56
252237.33
544680.4
303651.1
1494179.0
357755.66
310481.2
392147.84
687255.2
186960.94
413067.84
959691.3
598219.8
371305.25
427894.66
309394.25
321001.7
672582.06
493591.38
793976.6
483977.88
501513.78
260268.89
326960.8
945137.0
654947.25
499250.0
271248.0
207039.33
273052.56
1176038.4
480287.94
245876.9
391635.03
408904.1
984997.8
531865.44
375486.66
427447.22
782114.7
268498.97
521961.84
424507.3
309516.53
251075.11
702557.25
720026.06
885525.6
227561.97
551581.2
659026.25
205259.95
378686.1
230936.7
419766.97
377965.94
715338.1
1992479.5
309415.56
249850.31
609127.94
759366.6
724207.25
256077.47
335494.53
732036.3
268606.4
326421.78
1495110.1
432896.94
170688.53
648372.3
488754.56
231387.16
580724.5
210971.03
546194.7
1079230.0
396690.9
550221.1
627041.9
442431.3
376051.94
200474.69
414644.97
458868.97
294535.3
496755.7
449677.38
518990.47
179391.2
453228.97
588112.6
221687.42
722606.4
333364.16
357246.56
774617.25
391478.06
482694.8
626274.3
710409.94
212863.02
666003.44
802978.44
388188.72
464537.25
919559.94
478625.16
388276.66
308868.47
561293.5
683519.56
242747.27
734799.25
409856.8
430622.2
484004.44
414592.03
486067.53
574926.8
598372.4
377550.72
350448.16
444496.97
232091.39
256540.53
1088638.9
540799.4
658264.6
568767.06
288653.38
408195.78
468591.3
290325.78
472038.62
426573.25
324381.62
348375.12
389206.9
1768747.4
517600.78
555239.56
226435.78
896132.06
295932.97
695563.6
399756.1
306011.28
507382.4
369860.7
741272.06
437638.34
631041.5
425995.03
207805.98
262917.3
560397.4
699153.0
1602306.9
470585.62
440247.88
171508.6
478368.3
439732.3
247723.8
587713.94
215226.25
254966.25
459148.56
237641.0
263103.22
446174.3
877696.44
380739.66
556830.2
351593.38
1062241.0
1138436.6
381422.1
361718.28
279487.78
436556.16
524827.44
3366655.2
464732.3
501749.0
422935.22
258889.14
1188990.9
458885.0
363359.84
449943.88
781500.56
569773.7
355686.0
758639.25
1187301.4
177074.61
515167.1
659874.75
932873.6
346943.56
283138.94
292868.9
336171.6
517961.06
641530.3
249181.75
423909.53
371016.62
386540.75
271931.88
305185.56
462053.2
757196.25
709608.4
585553.2
395737.16
317182.16
336383.9
144538.64
616478.06
228512.0
608488.7
499073.3
1150576.2
476204.2
471833.7
579547.4
621627.2
948743.5
326257.66
342742.12
280375.88
250707.97
541727.0
570557.94
504103.47
324280.56
561065.75
642610.3
421123.5
288945.9
472447.25
1101796.9
696324.75
373036.66
253472.53
285393.12
539330.06
338147.78
845688.4
514762.38
812587.94
236546.81
1630184.5
1196568.0
277022.53
439458.5
1241325.0
448648.6
387741.4
548932.5
504080.16
1072351.6
320512.5
312063.72
534920.7
346439.3
427920.12
586125.4
1115281.8
493035.16
363565.2
969563.8
890192.4
1078159.2
2378307.8
620198.4
389988.16
398811.28
244985.31
571073.2
494552.34
204556.73
703504.9
310417.12
289917.06
331094.1
242416.83
552168.25
484097.47
218070.1
425585.97
303684.03
231331.47
630218.7
377261.9
547016.6
1130398.2
423722.03
333623.66
473013.2
250664.11
601118.44
531057.8
560038.3
274768.78
323523.3
384558.62
373028.3
851808.06
494058.47
575544.06
390784.34
227417.19
417473.62
250148.4
2800445.5
448495.28
653712.75
568530.1
337138.88
585226.7
396583.66
409040.0
392104.06
683599.1
453019.03
318165.1
540601.0
336191.53
386712.62
407798.75
475310.97
508621.2
509033.0
831146.75
333002.62
670548.5
526996.75
633568.8
542506.75
698407.1
380901.34
302195.75
529280.56
652211.94
591245.0
443356.88
429218.34
283740.12
462523.38
560508.9
300617.12
1321027.9
313753.12
383035.56
549267.9
549114.56
235908.33
282978.9
360340.8
616334.6
578828.4
328104.97
554117.94
295905.7
338145.03
422358.3
566251.25
380893.0
236142.17
382554.53
537854.75
397511.84
1226835.6
499861.25
602627.94
379255.84
348844.97
375795.28
502885.9
259881.81
455867.06
559497.7
847400.25
359607.88
549078.1
917922.7
664954.1
428182.6
499073.4
589097.1
261079.06
428854.6
574590.56
229925.4
188574.8
576264.94
558319.1
234467.86
441020.38
477338.84
390548.56
454667.44
1084416.5
262764.75
344845.06
1688927.9
210017.86
742181.94
676961.44
483270.47
960448.1
695323.8
459196.72
604621.8
253837.86
981925.94
437274.22
458641.06
1307443.6
761509.75
304852.1
511666.56
293718.9
429925.38
244996.22
291983.62
871177.25
347714.44
295809.8
887948.94
802771.4
1639153.8
546621.94
698136.0
1037864.6
369311.4
410563.0
814983.6
344514.0
373876.9
595789.94
274965.0
234062.94
291752.2
264094.2
912788.5
242094.12
521812.84
240916.23
557831.9
230542.36
288468.66
1438208.6
474528.94
246915.92
554402.5
516963.94
744808.5
506564.6
421064.75
489798.88
369867.4
191321.28
688195.9
853900.94
860967.9
355674.25
482464.03
1406028.0
1018476.94
380550.78
430487.38
911370.2
341270.22
284811.94
202357.7
530705.8
276524.16
177216.66
320447.22
459273.44
374365.22
219231.55
352849.4
1405201.6
544668.7
306746.22
335530.78
507785.34
419679.78
987781.06
732636.9
397213.7
631278.2
738021.8
272068.72
666040.9
1173931.1
329786.03
192885.67
598003.56
202166.25
394561.34
373216.28
508064.53
485081.16
490063.47
630167.75
463501.34
693144.56
500300.84
529891.94
210588.92
597672.6
307677.88
482479.06
294224.12
310227.7
643267.2
1487710.1
331260.88
488889.2
496490.88
345050.03
961636.25
695807.1
365455.97
1296385.0
754116.1
443003.88
964463.56
869465.1
575287.44
508787.53
859427.9
457138.1
535617.94
518879.16
771103.4
824504.25
235445.81
277786.34
289795.22
550240.5
285053.62
324180.53
353338.88
902080.94
364072.44
407648.72
421985.4
800787.5
142730.48
483860.7
268532.22
885718.8
602250.06
390287.62
842183.2
436964.84
568149.75
285305.7
422839.34
319257.38
401431.06
560579.2
613281.6
3126570.5
501891.72
218715.6
362856.12
462590.66
917053.7
666799.7
325270.28
397138.28
425071.72
809803.06
324694.5
315909.28
1801204.5
927375.8
328679.6
327052.03
360500.5
235175.39
1439067.2
779857.2
486231.4
556733.3
586992.3
266120.28
517227.03
238042.98
509473.22
1593233.5
241612.11
535154.1
909403.3
472390.28
493695.9
353455.2
231070.44
347951.16
286126.34
503202.1
460402.2
549256.3
747062.25
445622.28
309672.3
746344.44
756669.44
880178.4
418571.62
528611.5
701248.44
232550.45
326087.8
692697.1
471003.3
493047.25
417521.12
271095.47
427418.38
380979.56
575522.06
583088.44
463048.8
382625.0
486402.12
902251.3
456467.56
518094.72
191433.22
637472.8
1223097.5
433638.28
478133.97
309732.28
316574.84
577916.56
513738.5
244789.19
315108.1
921047.75
497271.97
339587.4
303381.97
473454.97
389163.28
312946.4
655865.56
1596596.1
628693.0
602955.9
393293.75
501807.94
262685.34
237172.69
643528.25
520060.22
247687.38
767872.06
535866.1
1997488.4
936535.94
1529202.1
490749.84
603224.8
778330.9
567679.0
271128.6
428121.78
630795.6
264293.78
350886.34
1202738.5
620303.25
468485.22
295902.25
792114.8
503408.44
230538.78
694849.56
414155.25
550642.9
300853.22
787687.3
787231.9
804231.56
487990.4
549011.8
516118.03
304612.56
280753.44
431500.5
606213.25
277324.0
793737.3
284591.22
629388.5
525369.2
490456.2
655630.25
488104.72
849474.56
573882.4
286057.97
427403.84
228940.45
439061.53
198286.67
521319.03
440109.72
463111.06
601049.9
420179.84
712799.75
373752.88
341271.34
380505.62
446505.0
331402.9
1104238.8
293424.75
309667.3
626381.1
240731.33
1367262.0
526928.0
573834.8
663814.3
584095.94
517849.2
265540.8
347847.28
494737.7
717805.3
507929.0
763203.06
856595.94
1216168.1
587368.94
387146.3
180728.44
365608.0
234431.52
1378027.0
446413.28
134153.64
570908.25
525004.1
1080751.9
1572505.1
531044.8
439253.3
753759.2
408426.8
863563.44
694919.06
214733.56
558716.6
1328684.2
507110.38
1431375.0
447494.75
424710.34
662751.44
183596.53
146758.92
282515.1
770457.44
261378.6
558475.44
687767.94
660984.44
285185.8
539620.6
256334.98
538224.9
294568.53
1090559.5
630651.06
1519402.1
658364.6
510419.06
472492.94
537115.4
347728.5
916963.56
276422.22
428151.47
357072.0
429415.7
241625.55
524224.9
544077.8
551919.06
504491.53
323224.72
452884.47
617750.6
989262.5
431355.34
612219.56
655911.2
463646.9
423866.75
448542.9
468720.12
469886.2
613134.44
539927.6
296334.47
459279.72
261819.73
652291.2
483617.7
243968.66
638013.1
454738.75
303589.38
463592.38
877092.2
668922.4
1082833.9
682811.9
797681.6
408266.7
535307.2
336539.16
677791.06
232033.1
369059.03
653037.94
2036318.2
523268.38
192700.67
465575.44
286163.7
556922.25
606620.2
3000671.2
246344.95
550809.44
667851.56
791628.1
497809.53
916431.5
272687.88
385678.3
408684.4
1040747.25
775769.94
391933.06
1401986.2
248739.52
428113.34
451639.06
739437.0
516606.94
390528.44
482516.75
282658.88
729308.7
540524.7
730811.3
256146.7
608028.7
633798.8
380832.28
505427.1
1484929.1
451438.28
382983.7
373493.1
243988.11
980634.5
770521.2
642498.8
703311.3
568456.6
357193.56
577598.7
345611.97
224433.14
945451.56
943999.0
322052.56
937682.25
580114.75
861599.3
438344.6
2408811.0
874793.94
790104.75
392830.47
232853.75
354030.62
628656.94
1015681.25
503648.34
156173.22
462722.8
986123.3
344768.22
353900.56
194543.27
1103755.0
241988.64
208190.72
328015.47
688207.56
272840.62
661783.3
178122.86
196576.92
458693.84
373033.53
1220983.8
387289.94
616861.25
462874.78
348224.1
527415.94
725291.56
219368.95
210118.8
775837.9
271178.3
417495.4
346881.25
614589.06
435791.62
540508.2
274939.78
355711.88
268079.12
518090.0
630027.5
288273.62
622841.1
597469.0
414491.1
660865.4
549752.9
315066.9
505621.12
580441.1
711308.4
1082076.4
539081.75
820797.9
620555.2
430879.1
420940.1
270843.03
761938.25
394601.66
300586.88
410876.75
524510.06
228466.1
208865.03
730660.5
331244.7
375158.3
335273.47
322527.06
421326.88
723338.3
1402480.4
286860.62
315150.38
839141.2
691241.5
420202.0
196616.16
500387.78
607351.6
595366.5
216986.58
417867.06
1089289.4
938731.0
918924.1
361677.06
402397.62
616394.9
764164.75
346043.12
538201.06
215622.55
492404.7
531241.8
590031.4
215554.06
484632.0
672474.25
440768.5
459945.53
487810.06
438844.8
1184930.6
1490790.2
447489.78
264178.44
440752.84
748498.3
434416.4
402227.4
307966.06
342458.56
789618.2
253850.61
910669.5
240493.11
392780.2
379300.16
315027.03
324124.47
387726.44
899697.6
574772.3
763778.06
349967.25
258256.55
333253.2
454850.3
502564.28
489843.12
374712.5
684891.8
198790.8
387308.78
860748.44
714828.6
596566.4
425162.97
633003.8
659618.4
590692.94
843556.9
694036.1
927580.75
688353.44
247987.88
264229.94
531202.25
554981.6
776057.1
482666.34
1259962.2
441216.53
277670.56
263966.8
756796.25
296737.8
563341.6
1062820.4
386854.88
219657.33
576395.0
650631.0
206474.6
430789.0
597990.7
425733.4
306841.03
282318.1
631950.8
251206.84
293744.28
232751.98
328881.47
253892.83
651124.56
228295.97
575020.44
677360.6
691420.0
880362.5
211075.0
301199.12
461037.06
592857.0
514770.72
228995.64
572286.9
800756.2
581521.94
354825.22
486094.0
304132.44
1578300.6
423593.94
350110.12
273027.34
752353.94
741569.06
371361.38
752456.3
245459.8
576830.56
416614.88
375082.3
505996.25
332712.94
660877.1
512214.75
357676.94
918516.8
370434.16
407979.28
255656.2
572238.56
269169.16
394856.12
428543.88
768410.7
889349.56
702675.2
560425.9
432967.06
242628.11
244766.38
504988.34
403036.38
425362.44
910768.75
1230416.2
239423.28
191509.52
637237.2
681397.0
558750.56
655150.56
641005.1
1261609.6
535672.9
167383.73
427028.9
542625.25
337323.84
1504683.0
250483.64
465118.88
500451.38
231617.98
439444.25
174542.44
453855.16
441051.78
1102318.9
204479.6
268422.97
215772.66
245339.64
643902.0
331654.6
582803.94
366844.0
209384.58
420475.97
677932.6
315890.56
820457.25
366268.88
831718.7
268790.44
579616.75
499125.75
550539.6
299815.16
428349.16
601403.9
673810.9
271160.88
705563.5
444922.9
596865.1
421788.97
1193805.0
478261.16
373073.9
179088.1
528882.0
772606.1
672691.56
426968.38
440797.25
647241.0
574333.25
470619.25
525727.25
559721.1
475963.47
543548.06
666743.3
362173.16
338634.75
244247.62
422217.38
503473.0
516600.75
458905.8
501973.7
253175.42
807023.5
882720.6
991381.25
377850.12
164329.33
455676.53
360165.44
156520.11
781910.5
439093.2
295652.2
778697.56
711158.0
292819.44
363610.8
474346.88
702625.9
511928.2
483228.78
1009726.44
771075.94
720143.7
332053.12
346581.94
358592.84
440038.1
615817.44
396052.44
339864.88
460470.7
1268245.9
419462.4
390895.1
350671.22
773197.0
373140.8
812182.3
508847.3
628754.75
530347.2
351878.62
517958.06
658724.3
284525.7
288766.2
248890.78
1273096.6
636589.1
721619.56
447392.88
279640.28
492684.44
161843.62
306158.78
362695.84
549511.4
620559.5
901305.25
397001.7
527139.44
671376.44
540716.75
271557.44
611013.1
1058842.6
286452.47
882507.3
225804.64
519052.8
559936.56
523755.0
419239.75
879758.44
762710.25
351741.9
901154.56
384878.3
1209562.2
211666.83
227430.2
829477.8
348869.2
543865.6
468078.94
190751.7
215283.42
581071.2
296340.66
331610.12
199016.84
296538.88
804496.9
871749.1
265907.2
914709.9
455122.7
320557.5
469058.06
259758.25
489219.03
1081802.5
520060.22
305087.6
591938.7
466664.16
324105.9
392510.72
339845.1
203176.47
338632.34
570295.9
1014830.75
460067.6
1575687.4
420827.3
568052.44
832711.2
715697.94
415424.78
2528531.8
541065.56
315469.4
853301.5
220293.7
663572.56
716422.3
319049.9
380907.38
349565.5
406103.2
585654.8
527251.25
707242.0
243272.27
340356.84
317806.1
247072.19
785081.25
832565.25
862782.7
669707.2
453172.12
556981.06
291716.38
452770.8
309098.66
1208162.1
519472.66
654394.56
414041.44
221406.28
575686.5
569440.75
623423.94
530686.4
524360.1
315639.1
776979.25
274441.53
252276.86
210945.5
454691.34
765723.6
352275.75
625064.44
752917.0
480209.16
640150.56
374002.6
1242678.6
242794.12
256900.52
198517.94
330395.0
643179.5
447687.47
734172.06
812616.94
233545.84
314467.88
387367.16
488738.84
454491.3
527979.4
526882.7
509918.4
688625.06
197864.88
542731.8
473281.25
250882.77
383042.3
258587.92
256814.38
759009.25
1321944.2
534569.06
687383.56
258236.1
544068.9
682665.56
812609.9
605598.8
303312.72
260342.52
2050926.9
445341.28
306034.16
345381.72
473121.56
413095.97
743185.25
472041.06
386764.16
309701.44
811224.4
233219.5
447033.9
386499.78
304937.94
473077.4
970774.3
767484.7
338228.25
589936.44
675890.06
1287948.0
630350.56
441244.25
251786.47
1208031.9
444543.1
529288.3
250267.08
816767.25
455159.94
286715.53
188111.53
217215.97
486016.6
337139.94
336096.28
446118.12
633877.25
518366.47
586421.9
654929.56
1095727.8
207266.89
280675.0
248445.48
701452.06
622098.94
1098299.5
263897.3
605332.2
413069.2
446878.06
515821.8
228392.31
376975.34
371800.66
300722.1
363093.9
1151238.9
1229842.9
267423.56
404458.2
718219.1
296458.25
793816.06
706835.4
226432.84
176409.64
209068.64
439892.97
297238.34
533741.1
335543.8
224362.23
225502.75
561555.1
963213.25
352810.03
467087.6
2010208.5
337131.44
1056376.5
866823.6
378987.38
853496.44
560800.4
293293.88
416091.6
791234.44
224795.14
642672.0
445120.9
547008.94
533635.44
854847.5
446014.03
452482.75
519076.5
926087.44
467614.12
267461.22
151378.64
437305.72
390953.53
640070.06
607277.06
371138.88
497005.44
463202.75
270295.2
204158.33
659221.1
393727.16
735306.3
505792.1
279339.3
736967.3
607909.75
408418.25
243545.42
745807.2
454107.12
1543077.4
436693.66
269511.94
435765.25
477989.66
343174.53
1671510.9
598595.06
588529.2
695740.94
975325.7
554155.94
462350.8
270133.5
1389301.2
738843.9
288854.8
427169.72
380822.88
421050.78
701099.2
232075.34
210202.47
1160167.1
866698.3
720071.8
344773.7
648673.25
562958.94
560144.75
500683.72
284048.78
620642.0
898908.75
644076.1
528460.2
367669.4
620396.94
1429522.2
336717.2
1074427.4
999542.3
617549.94
430522.34
646892.3
229503.58
809687.7
235126.44
546091.0
199956.1
512017.62
301980.38
483260.75
448134.72
270013.12
319466.72
477060.66
612628.4
488985.0
293671.03
1464337.0
406520.28
525601.0
341142.9
452228.72
355965.25
481602.38
245173.89
344774.53
528656.2
551750.06
497008.78
486986.84
685403.3
273520.56
541066.6
458541.62
292522.3
416639.38
1414493.4
549897.5
512846.75
474970.8
796568.7
595032.3
241493.55
303917.22
226365.86
351371.22
374220.25
753902.44
313794.16
736047.8
764033.56
288624.34
626301.2
582955.7
454940.34
479426.06
1707524.9
316434.5
840384.06
649003.0
288857.56
398026.4
436992.75
398758.88
513542.47
283840.88
669440.9
278964.9
460371.47
272141.75
338119.53
251202.52
542662.0
512741.34
410455.25
384544.66
757458.5
278646.84
444913.66
898297.7
294524.66
790209.9
570271.1
483258.06
309314.56
373197.3
354364.47
409885.0
454396.84
469422.28
478343.03
685329.25
271913.12
526419.25
414559.0
516671.56
233115.62
379967.28
509242.78
245811.22
788114.75
252252.42
491173.78
331947.47
868257.6
575530.25
450304.84
998432.0
836374.3
342334.84
485391.75
544813.3
848734.0
301745.38
564487.25
269873.06
115215.766
406656.1
385081.03
405626.78
181820.47
434894.8
937780.56
323341.9
257578.83
498893.66
711594.94
405656.28
305410.4
710449.25
536172.9
597455.2
586740.9
428360.75
665961.5
613599.25
546173.75
260342.52
474984.62
397313.4
481670.56
470490.3
313910.03
627767.25
285720.25
375284.7
594274.56
439869.47
293271.56
596419.5
233166.73
312240.16
516384.4
316513.72
443586.97
283110.84
884296.9
201456.12
601305.6
885860.2
442960.22
194166.62
558289.9
435655.9
381475.06
264437.88
237040.83
585710.6
210731.47
310571.8
557136.56
600020.9
846744.0
399668.62
693617.7
762805.4
887320.6
277880.6
412331.7
185741.33
536755.5
636409.7
369097.72
771514.94
435073.47
251223.72
457839.8
300026.72
498459.6
504686.47
598021.25
656643.5
529786.3
310383.38
480746.34
974016.5
727436.4
458716.7
211019.62
276813.34
1219030.4
624807.8
556590.1
291791.4
773906.44
369120.8
291529.84
274035.72
174510.67
442363.84
404646.47
2779258.2
256072.17
373582.88
269121.62
333455.28
383729.7
228415.73
995808.6
612913.2
626119.94
377865.28
706641.0
483009.56
783476.0
522365.72
549663.8
2074269.5
448003.6
814475.94
390591.97
757310.25
432118.03
273820.84
700883.9
261299.27
356798.44
447117.2
380298.8
283829.4
578051.9
193655.95
192753.36
452729.7
2869237.8
268964.62
218336.5
466177.34
291844.44
382915.53
612557.5
346709.16
391390.56
747800.3
870381.7
616415.5
615854.06
773166.25
352547.28
624197.9
1930026.2
346755.3
502770.6
299116.25
364276.06
458860.44
252736.69
763071.4
557025.94
315214.22
374280.03
1010748.44
444869.2
449733.4
597643.7
904213.9
612811.56
415241.62
304757.34
327663.25
506948.03
910865.94
234501.6
560969.0
239538.81
482345.97
560917.44
586165.7
370481.34
504234.3
772933.5
1427125.5
331726.97
446597.8
541677.94
278026.78
317662.56
292855.7
238630.95
1450836.6
598453.9
947340.44
613280.56
302964.06
504990.88
607751.4
263229.97
389595.25
507554.2
461555.0
738432.94
763251.1
465518.47
329981.53
245063.48
917421.3
839604.8
709905.6
573610.6
1191751.5
591538.44
874996.5
581378.0
750647.56
831010.75
690438.56
1190483.1
310512.4
534427.7
580837.25
332503.62
542102.2
485177.56
256242.73
750699.25
702356.8
280639.78
257523.67
395997.6
555569.94
582621.8
370134.12
985573.5
319937.38
279912.66
625770.7
1040348.2
1035559.4
372674.47
370442.25
401682.88
833070.75
527811.94
975040.4
457399.1
792757.75
427481.47
1049380.5
311302.5
334492.34
1453555.6
240959.8
1700425.1
451863.4
356307.72
259324.67
452582.97
478732.03
316917.2
301306.78
360662.62
529801.8
476027.06
428697.34
365621.97
227301.67
498001.5
403701.53
364861.9
593044.06
859104.4
478601.75
888580.2
313274.84
550710.4
500093.47
453894.12
519224.0
427212.75
425776.44
262265.28
1514685.4
440117.34
386415.78
638340.8
488934.03
278194.03
198355.25
384000.4
434669.28
505077.16
316041.38
496082.62
764386.06
424764.7
426042.84
665193.75
458125.4
413521.38
226276.36
193449.08
974196.4
533576.6
392004.9
322574.7
745928.75
548844.5
341160.7
681677.2
609908.1
199323.19
283727.97
446069.34
190486.34
286347.7
509350.78
502405.97
349539.94
285697.22
963482.56
435312.25
337320.94
435558.5
158812.47
241673.06
241404.17
383982.6
292644.25
281856.03
568425.7
619119.0
551451.94
211339.6
260435.23
295402.8
520386.75
359567.38
272099.12
361192.97
1256359.8
448656.66
219083.1
607463.5
443214.2
626068.1
211844.33
539667.6
682920.4
475881.16
598219.56
532863.3
643715.2
271390.34
744643.06
412180.66
394143.5
572621.06
1474759.6
389175.66
348222.28
401369.06
435077.88
263025.72
662636.06
445068.03
475063.0
1332166.8
483106.88
222933.14
954455.44
587088.7
610676.06
608406.4
406327.6
893847.3
443405.53
416276.0
297547.9
535561.8
916478.75
428860.72
618885.75
600582.3
507426.88
294798.0
574025.3
338048.56
589115.44
964385.75
1264816.8
440568.56
592635.6
358427.16
395699.97
321349.66
396079.72
912614.3
1162312.2
1226348.1
251451.44
285671.34
374905.88
342948.34
841101.25
207389.58
1017043.56
524909.6
586886.7
1290881.0
735376.94
258383.27
489335.2
693901.2
272565.56
474270.8
411362.25
389328.72
711723.5
545040.3
359448.16
382299.2
579249.2
449377.5
635009.56
572576.75
310726.75
1070573.5
218959.25
336812.38
504586.34
1112823.6
349159.16
1297907.0
523979.9
528177.94
585677.5
514892.56
562643.06
263775.94
265047.6
256159.11
296114.62
432368.34
1028754.94
523026.7
624740.25
729922.1
654800.94
267098.62
402975.88
336631.38
432140.53
251030.64
285917.2
1701087.6
250667.48
826353.1
694109.8
251678.3
607744.06
701171.9
578414.8
840029.9
468135.6
974921.7
1572522.8
1270099.6
264401.6
327242.47
558400.4
288589.8
910817.06
542617.7
346248.2
518261.4
552365.25
801733.75
588888.3
504732.3
305952.78
437566.94
628820.44
444261.0
320142.0
401796.5
330401.72
560769.2
428743.22
1206862.5
491577.84
308165.12
641264.0
715845.6
301387.1
650508.6
414369.2
456191.12
305740.75
327656.12
318015.9
268397.0
1325846.2
1136413.8
658189.56
164755.05
245733.52
250855.58
651667.1
593000.2
304033.6
642607.8
190733.69
425055.4
350017.1
343298.8
255433.14
640436.56
515830.9
706240.94
369763.44
224470.05
403288.4
412125.25
254095.3
324197.7
466708.1
399151.47
274078.25
300997.56
409766.22
365429.34
263519.6
827849.25
388562.12
620523.06
281473.9
468446.7
1000922.06
471729.78
559369.56
437149.0
519951.34
598042.8
320476.22
791550.8
443166.62
393341.9
653943.0
2561804.8
517860.25
407489.56
332304.84
1051693.2
274280.66
534872.5
506952.5
924115.1
313110.12
222142.75
1608524.1
263354.2
334070.03
605656.0
397328.56
385399.0
589227.9
581177.56
487924.22
208766.4
419058.72
299631.47
362429.16
837487.6
765153.1
694316.25
489432.1
1022085.6
425586.72
289598.9
576214.4
408233.53
1118920.1
362948.4
301467.06
571713.56
671961.94
1399517.5
863543.56
742670.7
215818.47
603741.06
615683.25
309988.62
662720.94
411201.75
661430.2
212270.52
669901.3
849252.5
517466.44
717585.3
623230.8
387531.22
292139.34
429168.72
267536.25
384915.62
169234.03
679595.56
234867.67
1684867.6
423086.47
301796.1
240815.4
716434.8
528012.6
389186.9
290743.22
535656.44
877467.4
531781.4
2047022.6
315131.62
251070.02
796895.56
550879.4
381548.03
799628.8
169396.06
563538.8
498467.97
242644.52
520472.22
558652.9
298350.72
682947.0
263811.84
227483.42
699969.94
251032.19
493588.75
206783.94
437771.34
512824.53
413754.16
340113.5
417270.56
1408800.6
826037.56
294536.2
496052.12
526727.94
257003.23
438668.53
278225.56
408461.8
258266.38
604067.8
405148.97
468783.22
803029.94
270257.12
892576.1
454648.84
435175.6
371919.3
1247008.9
323771.4
646414.56
454488.88
1306693.5
549928.3
1755458.8
440660.2
401505.8
1068721.1
382457.5
402928.0
527459.75
416151.12
229181.12
930269.9
573523.06
550858.75
492277.97
389366.28
818863.1
270197.38
229032.28
455879.84
439821.84
191066.05
715627.6
712557.94
312005.5
495751.94
562329.2
317549.3
454230.16
383590.8
252566.77
177759.38
699503.75
377105.2
460668.28
780655.1
531125.56
312720.75
317879.75
600111.8
452122.94
432845.5
1450246.5
311661.3
696958.6
440810.94
982341.3
487963.88
725860.6
684003.9
1155373.2
435769.62
273701.34
1135666.2
702173.4
238786.33
249737.05
1456755.0
663350.06
318517.5
1076123.6
301939.25
607923.75
221072.06
547853.4
339289.38
481600.0
793798.3
274392.66
447923.1
565166.06
631102.8
591029.8
423683.22
473588.34
443341.9
468645.6
683258.4
356777.7
372140.38
318815.7
432459.78
405314.7
324442.56
601921.5
319430.0
204237.19
338869.94
533922.2
515559.8
1114112.8
197882.73
357346.56
628967.4
654589.8
649903.7
341897.34
531844.06
343292.56
364467.66
325775.5
275348.94
441350.97
408195.78
245622.94
389307.38
749095.5
270690.1
410069.44
585679.9
632785.25
276098.78
357794.1
879659.0
258514.28
584613.2
1135404.8
808228.75
436942.38
403406.22
1455290.6
527969.4
1020886.25
341404.97
296347.78
437168.94
665037.75
471354.25
440130.28
297271.56
415879.06
846117.5
633125.56
748953.25
406821.25
642107.94
586048.06
310631.06
893164.5
509909.97
519772.1
204371.36
689138.5
1014320.3
442693.16
517717.75
351715.2
295261.4
259989.83
859346.1
363561.47
391414.28
362545.66
335668.97
671769.0
367803.62
662254.06
347946.5
663920.25
706695.06
333337.3
446960.7
208418.38
240411.39
296369.28
750444.2
1251840.8
413244.62
439460.7
603947.3
328901.78
485220.47
159547.31
650660.06
291074.5
591402.56
726014.94
509368.2
474693.44
576500.94
370434.38
446902.47
375501.38
468900.66
434788.16
281798.4
457943.3
692773.8
1114138.2
320659.1
788866.9
1305280.4
261028.03
659333.75
568660.6
666651.56
501171.75
782658.06
762845.7
376372.7
659811.56
492364.56
316666.84
420797.44
380797.47
486547.0
600523.2
340161.9
601322.9
644798.56
1259361.6
558256.5
1755710.4
396083.66
452492.16
569533.0
685048.4
247489.64
435933.3
252942.72
593112.25
362580.66
422500.22
319807.9
541044.8
615499.94
670577.8
579472.8
483129.1
228403.52
331476.28
511609.16
268929.22
524932.3
644770.3
709467.3
284828.12
528358.3
817663.75
662516.56
575602.8
596709.7
363330.25
410312.16
2549241.2
664809.44
253789.44
534702.9
299134.4
939935.0
543089.6
543158.06
434331.03
328289.78
303045.97
464885.6
556590.1
579894.44
375428.62
849475.3
252182.17
584516.2
364652.72
366192.78
386292.97
359289.5
277415.94
343054.75
447839.1
1076056.6
323401.97
308380.97
891746.4
851739.1
624179.1
404757.66
535893.3
346170.06
523977.88
528437.6
320586.88
619669.8
556047.1
607860.06
455174.28
391791.66
467132.8
293823.9
373157.56
319770.16
247383.88
491828.53
766280.7
489788.66
545447.4
1025959.6
661151.94
554178.25
266906.5
220054.89
611808.1
323303.28
730538.44
344427.44
1083563.4
530756.5
364190.7
442727.0
433515.0
576932.06
474476.0
512683.72
502776.78
423027.78
447384.28
588450.2
679820.3
496979.06
396636.84
301628.88
321837.1
666719.7
664435.7
719619.4
506696.4
523271.0
583616.9
315484.44
211530.23
313826.38
507243.47
517508.7
578513.2
183998.88
493153.75
445446.44
421514.06
450400.3
378395.7
336228.1
214863.0
226777.47
378937.12
399462.16
319184.9
504443.9
418548.5
374085.4
446314.8
356402.25
958796.3
371682.0
431644.03
261399.83
1180670.2
174835.14
762375.25
1218692.5
645327.3
288653.0
486345.34
440660.78
326295.4
1052082.6
242099.42
688830.9
498839.97
283675.72
506599.44
281762.97
449415.53
440609.7
206225.78
370185.75
1384646.4
308887.1
351012.88
364141.88
324287.12
358040.7
542614.06
477471.3
524607.4
516628.6
257502.19
780824.5
599241.2
382134.7
288876.72
487801.66
725515.94
825154.44
890706.94
259352.58
368375.44
334005.53
279810.47
381859.44
827150.0
688980.1
269104.78
757631.0
357943.56
446495.66
485243.44
478099.2
451471.5
645478.06
670637.25
302261.94
392957.88
436326.3
589341.75
401227.28
330146.97
590112.56
237006.19
302033.2
424526.47
966898.9
286065.84
258288.88
326786.12
568474.6
533156.3
294110.9
384032.34
431040.28
1205869.1
552406.4
244289.62
612178.3
866204.8
474825.94
751838.3
412800.9
642721.56
506621.62
393223.7
562117.8
248108.42
459910.0
275235.75
595788.5
410223.66
577933.06
588734.3
294426.56
598867.06
767006.94
713262.4
286210.72
306019.12
562391.7
239036.61
1391808.5
178559.25
414120.72
707609.0
2178032.2
438065.34
445160.28
300244.56
376820.25
842559.06
202186.33
306162.1
332681.9
379801.4
318327.25
881405.94
796329.6
342003.78
759921.9
234410.81
363443.34
430544.47
465868.7
252731.14
1110689.8
368116.62
748882.56
328343.66
635532.25
452896.22
534112.4
254610.88
348892.2
351645.28
400770.72
521425.78
706111.3
271586.78
656559.5
305790.84
707526.06
556136.06
392438.34
486942.47
729603.44
393254.34
456813.44
385373.5
251287.94
396586.75
215875.8
507949.12
661128.9
454149.22
359611.72
515948.9
385612.84
970476.1
249275.47
252223.36
476723.38
360199.38
234200.77
472462.38
852758.56
599232.4
445854.66
438501.7
425567.66
345421.94
342276.12
550144.7
605221.06
270933.0
433096.62
767377.0
371338.62
772949.75
587517.3
394640.97
563491.9
1237017.0
517515.5
449424.5
791660.6
1698611.5
431413.5
269045.22
293137.16
214505.88
1022356.8
261866.1
510993.94
2441613.5
507482.0
286979.22
612043.2
605459.4
207557.19
316728.66
616295.25
258551.8
764168.3
420992.62
466316.03
513971.56
458734.9
487839.34
693496.2
1192737.1
526067.94
290555.62
574162.3
784241.3
510831.0
653526.9
638367.9
569457.9
1473941.0
724231.0
457895.3
789312.4
345991.28
772695.1
381575.53
291023.4
687880.44
227298.73
394872.2
623436.8
389941.5
269316.1
247652.5
222106.22
483430.28
444432.78
752397.5
407303.8
549002.94
671183.2
499048.7
557891.6
717324.6
1317272.1
579555.44
320879.7
813285.75
270116.53
322847.47
339254.1
243762.0
341223.56
724785.94
363079.75
304050.94
3388759.5
204386.19
688932.94
739687.06
928298.7
274135.25
440312.03
475367.88
1233525.6
283253.66
593717.7
657014.06
199371.67
262891.6
468717.28
412285.97
578450.5
493210.5
250057.62
857681.0
209648.23
367137.72
577846.6
501720.75
425035.44
306525.03
653865.25
962000.3
454479.72
383757.06
222124.89
357226.25
270686.0
383071.38
508939.25
336750.94
269450.97
396132.1
372200.12
350202.03
262536.84
685751.44
338784.97
389308.62
763286.8
339936.53
375768.34
273368.94
436990.28
669605.75
578796.5
359293.7
562428.4
582434.2
656530.75
189403.06
381555.44
560298.75
615976.06
578550.1
447486.34
1284340.8
348242.62
381584.16
595678.5
377288.88
2898388.2
301135.1
453473.12
681021.6
517425.66
732601.06
692128.8
368406.1
509483.25
333410.7
445177.97
216144.19
2378821.2
1378993.5
679215.0
586707.4
460540.97
253804.02
282715.97
468458.72
374296.34
608640.5
439641.03
1646732.5
516098.03
332633.9
216798.27
187369.78
613893.94
406599.9
602987.9
169938.17
293984.56
663160.9
501987.28
263292.44
763360.44
461414.94
292766.38
720373.0
511298.72
370207.56
309547.88
447903.44
334834.72
362468.5
305731.3
985497.4
601794.9
649487.8
432585.8
188001.92
290302.62
439005.44
873989.56
400071.7
449508.78
650900.25
257814.27
471845.9
623931.0
243273.8
732168.8
283000.06
534322.9
553371.44
580490.3
357637.12
621235.1
547554.44
1749174.5
333374.62
241216.72
308347.25
210519.9
1148571.2
750154.06
370233.28
379398.72
317116.97
1070897.5
635564.06
586867.75
572720.1
283634.84
727533.1
481607.03
551535.0
198020.84
317087.72
418368.3
347492.72
297064.0
267017.66
437269.44
494835.12
470130.47
460175.34
196041.52
642609.2
259015.36
199912.25
554529.9
434053.44
258462.08
442179.3
372431.72
392703.28
431191.1
449826.72
553241.6
431208.34
572870.3
546547.2
676752.44
496964.0
525582.6
461534.88
340351.0
626670.94
775655.0
728731.2
389037.6
462823.28
381315.3
212245.64
308868.47
976675.75
532024.75
1885759.0
804322.7
1188650.2
1161916.9
590489.7
274885.5
256633.11
408789.88
609824.0
526993.8
295560.47
291075.12
430713.47
528809.3
487672.53
300666.56
464041.84
380426.8
354629.9
234631.02
277867.78
889716.06
432962.0
695088.94
2756181.8
436651.5
289741.34
675686.4
504455.47
338054.53
465584.28
680838.8
446221.56
490388.0
490212.5
414861.5
517321.6
316776.4
661827.6
399891.62
534341.9
653211.7
411205.25
290728.2
457571.28
977691.9
417094.1
650987.2
348907.75
504560.53
465707.7
256194.22
2541829.2
411551.28
744473.06
192505.02
177269.97
449131.7
1349819.8
211069.42
249672.61
553444.94
556829.5
493223.94
160629.83
497191.7
293696.6
783216.44
628517.6
829622.7
222568.9
730652.75
549993.0
398705.94
524999.56
296321.4
658959.0
399551.56
609076.2
456972.47
488421.53
420163.53
494612.56
1390154.8
276670.44
555251.7
870051.0
563104.25
798930.44
645763.4
428415.0
350872.3
369311.4
492008.28
417855.03
436983.16
499179.2
728886.5
655122.7
278221.47
647084.25
699351.25
602562.94
886710.94
161383.48
443935.4
371144.47
528548.3
3365010.8
601397.06
246028.98
951480.94
762290.3
507289.16
516925.44
689348.5
481743.16
526729.2
1016036.2
252491.52
432880.03
349082.6
251161.7
364351.06
663224.1
949171.3
1243684.9
585494.3
543827.1
478949.66
313227.5
742354.3
595848.4
362585.3
507970.06
564692.06
235299.34
371695.5
621776.44
298736.47
349547.1
517294.03
1159247.4
579787.56
813724.44
909488.1
420749.9
709752.9
544155.5
1126437.5
433214.4
595203.2
374633.56
393034.75
337450.62
949715.25
297951.34
451908.3
395446.0
473680.28
275797.94
163515.98
175242.28
615140.56
502568.25
302804.38
272564.38
1291704.1
346122.28
741123.3
232555.69
540241.1
388527.75
915515.9
154954.53
409071.2
363862.1
371875.22
566047.75
447578.16
741265.4
1687700.9
268287.28
437649.28
237573.11
310120.56
465476.94
443139.66
445465.12
900241.56
365012.4
452869.0
516066.28
1197554.0
364519.2
831185.3
600119.9
353512.84
366475.94
630308.4
458543.25
410101.62
619190.56
470683.62
452658.03
407416.44
561558.6
462348.1
328457.12
352861.56
266843.06
2060296.2
725639.5
305297.97
520499.3
605466.2
283891.12
515262.3
371845.62
329514.7
455980.28
328222.4
649762.4
616524.2
242280.39
435685.38
633891.06
1083560.5
644680.1
901428.1
454021.84
456034.25
470976.2
303352.38
489563.97
1884233.6
404453.5
664034.0
394566.4
938185.3
338173.03
763965.4
334639.75
454796.75
352974.06
396654.72
366005.47
227135.27
510925.2
317669.3
523444.25
492829.3
748412.6
430913.78
602152.4
464319.78
848791.25
341400.78
206519.03
875927.9
278572.84
539908.94
448691.0
268553.38
499858.12
433406.16
221336.92
371845.62
212322.28
1307041.1
319868.06
548004.06
277418.25
386177.97
585020.75
333741.53
538438.1
523978.88
408926.44
856682.25
493653.94
598582.44
418514.12
931500.1
321778.88
395864.78
387763.5
379937.75
458905.25
241417.17
206755.11
603127.9
455220.97
323959.5
623547.06
387874.9
1434615.6
435883.7
276056.56
553487.6
906305.1
419693.5
472755.38
300746.16
2116737.0
237021.11
1061767.1
200177.77
328248.2
456292.47
466927.0
346111.16
518148.6
404417.06
382180.38
455748.8
509594.66
719869.6
184169.81
300372.9
691850.75
250002.78
160305.88
745959.56
261670.08
374781.84
275467.06
284244.12
1719074.2
188255.81
498360.38
445933.22
392102.9
301062.2
387184.47
593537.6
456008.12
587364.94
318289.6
445032.94
385449.53
618837.3
394369.78
288347.16
176060.0
661359.4
461092.47
363681.3
1399320.6
576301.1
232446.0
529749.06
1121189.5
958899.9
653610.3
635699.4
197227.61
1366738.5
328323.0
464523.7
438573.47
762388.1
678110.8
544777.3
325860.5
1847552.2
512023.12
263668.9
282482.2
181413.31
747149.94
311048.53
341226.53
882618.6
657056.7
290842.47
1461023.2
484711.5
371208.28
262693.03
471626.16
439784.6
2943254.5
957085.56
189087.27
501512.1
839722.2
340996.56
649348.56
307494.38
1399698.9
777327.25
266131.2
224897.42
285554.72
393479.16
312917.9
502126.2
787936.75
216986.58
585203.1
950195.25
268038.97
370306.66
313280.2
569148.06
737499.25
402903.78
447789.88
455224.34
909554.5
226151.77
206621.38
315759.6
249733.52
229047.22
1419727.9
572938.8
174573.8
242177.48
391455.56
739477.44
570025.1
579617.75
231978.28
998696.06
816309.56
423632.9
335792.7
485689.8
487513.97
433161.38
300675.28
177826.66
680835.5
558026.3
380878.97
402602.84
461740.75
585515.06
394160.0
324194.78
523928.62
371613.28
451870.0
375806.75
896862.6
304395.72
454368.75
501002.12
488902.8
266684.53
389187.3
476056.16
167862.84
395567.22
600468.06
803592.6
468416.5
455116.78
461971.44
455769.72
465678.88
287056.34
551251.8
297618.78
696946.7
563967.25
535743.5
394685.78
410149.56
524971.9
235602.55
236497.12
739501.25
846866.75
205008.58
536632.0
240758.81
305652.5
505261.6
212881.98
286187.53
289523.88
344635.22
560981.56
374043.03
510581.06
287251.06
588209.6
398717.44
359179.8
234774.81
659702.4
1408371.0
683491.94
330094.34
223360.11
433045.1
200906.55
259652.5
581296.5
530402.75
691420.0
762500.8
554631.1
604751.1
269619.1
818939.75
472151.66
529675.1
389002.47
591124.8
770174.56
242944.12
376314.66
1145499.9
477157.12
323109.12
303934.3
502849.34
1685248.0
383814.2
385314.84
364190.78
442658.47
439718.4
604592.4
251467.97
1251566.6
550415.7
281465.2
474089.2
467376.75
654550.9
369042.72
629038.9
353396.2
259603.19
224865.16
360974.12
411107.47
601663.1
388804.7
320116.62
2134695.0
227092.94
655775.44
218098.52
687506.56
626415.75
379145.72
261877.1
413790.97
242969.8
455643.25
397396.38
508586.8
423597.72
533122.9
618885.75
696164.6
225854.34
240830.95
530380.25
552364.2
372878.47
265173.25
2438285.0
347262.12
769560.0
1325601.9
635974.06
242166.77
468244.06
464053.8
596713.5
386572.97
513774.34
510713.16
355977.2
527541.06
451586.47
227366.77
579905.1
154090.9
543640.56
339808.56
362055.28
799995.3
1020305.9
1643766.1
483900.2
302048.25
559267.56
281346.03
450468.34
739894.7
409872.12
527659.1
336358.78
188001.92
249717.48
659194.0
1213631.2
386898.03
239223.53
423042.2
427371.22
545159.3
351407.2
327924.75
565243.25
215176.94
215788.36
365563.97
983753.4
658492.5
675862.5
837376.2
740007.4
743859.4
434202.3
423101.25
270006.47
722818.25
981112.7
279976.97
395451.8
184062.23
426563.12
279434.1
698862.1
274331.25
314359.12
615530.94
449245.53
1349212.0
849475.3
428501.12
285322.1
283563.28
236055.8
197125.11
1821164.6
566355.4
238081.83
303322.84
547633.1
217414.81
1138452.1
345083.97
383011.97
451987.75
238695.16
334092.72
452809.38
625088.75
567475.25
563742.4
411299.72
1075138.5
229975.83
449131.72
395391.8
428475.53
538418.75
437159.38
713426.8
442913.38
933185.4
207589.17
193327.97
245717.31
396066.97
365843.84
539951.1
353803.28
310861.5
780570.9
310014.72
1169151.9
214019.03
839058.2
283602.94
281944.88
1032660.1
572227.1
527143.1
1342997.9
504662.6
230656.19
1083939.0
1579001.5
419887.47
808309.25
689820.1
465328.84
301673.34
546464.75
554329.56
822350.5
429394.25
832749.6
417156.47
387736.66
887367.44
511707.9
259710.9
500265.22
272192.7
401543.16
1337772.2
278321.34
651427.56
256514.02
843635.6
620271.2
351751.38
733000.0
437804.1
674806.5
592922.3
433172.3
163645.16
596352.0
744023.8
400609.53
338470.8
244398.72
541025.0
376225.8
558804.0
326726.0
198378.06
408602.88
232030.4
370064.28
754321.44
358899.44
365251.72
732168.6
690684.94
395371.88
420875.94
551907.06
243043.11
584574.0
294159.9
638085.4
540159.5
306319.7
454146.47
377710.56
804030.94
871249.8
1212207.5
580416.75
580826.56
240252.73
321295.6
584575.9
251824.6
1316566.5
1011905.06
330134.16
282292.03
783235.1
207367.95
467688.28
645954.5
1341291.5
567366.75
619418.5
281934.88
673095.0
315391.78
330691.28
560883.44
796395.1
393611.88
742933.2
445515.2
391262.88
609672.25
701971.06
646746.25
446185.38
247799.53
285951.03
209880.08
161010.83
558927.0
756735.06
535298.6
403875.62
594464.06
334109.03
284824.7
377488.75
488601.6
787743.6
621177.6
350646.47
553248.5
620152.8
448875.53
310687.2
558185.3
587508.0
233171.16
800503.56
279159.78
430347.28
280302.3
270656.3
523394.53
1602026.1
298814.1
768228.06
578756.4
348853.66
629130.9
203649.33
1090358.4
589089.3
210563.28
672321.44
563327.2
452669.3
785949.56
375986.47
397417.75
319662.88
318892.78
697134.56
403956.16
542280.44
1204930.2
357308.06
641040.56
243309.55
530256.1
230140.03
492742.0
460992.25
440790.94
306800.8
2066599.6
817614.5
426818.28
155292.27
364106.9
379722.78
621088.6
856436.25
495094.7
274073.44
614361.9
759203.2
489842.44
385059.03
437419.5
456668.5
371862.2
1023068.3
1241299.5
282871.25
877444.56
847360.9
813285.75
364679.38
402009.7
215280.28
759550.06
305712.62
477816.53
478606.0
267369.5
466590.9
411196.8
244610.28
518913.34
377210.97
450464.03
247431.5
214436.1
621264.9
542045.2
358600.2
337876.16
351957.6
477248.78
545501.9
991917.0
1003971.94
384802.47
569062.8
249805.5
761953.9
277537.4
300425.03
370913.1
441533.06
340271.53
460670.2
363784.8
861445.44
509319.06
382498.6
819726.2
651790.4
713180.4
418389.22
525819.4
633596.75
327927.3
344600.53
498373.06
524259.62
328535.94
316036.0
659084.3
424523.7
532806.8
593405.0
800458.0
198180.4
432618.06
483109.7
270756.97
290473.62
526992.94
282068.16
667617.6
231116.72
1449579.5
593308.6
556614.8
357420.84
492858.88
555990.75
555091.9
533146.6
527460.6
477845.56
394629.8
270048.56
285792.6
143042.12
713365.1
515630.8
372375.22
393565.47
965712.1
408180.38
505812.66
544632.75
600119.9
715230.56
614259.25
3083274.2
428391.44
433651.25
429645.16
450155.25
335854.7
576316.5
767960.25
487942.22
528005.3
278931.16
253229.84
259685.31
475816.7
399953.16
812015.7
439473.8
479414.6
1117513.1
262182.44
421641.75
422353.56
655392.44
336013.4
649601.25
322006.9
256942.75
299044.7
572524.6
729107.3
668365.75
246823.34
442267.3
218288.05
1512654.1
676996.1
196276.44
382028.94
443463.03
236068.02
417182.94
